# FLASH Placa 3 duplicados
FLASH
# E (MeV), I (nA), t_rendija (ms), numSpots
3.00, 8.00, 0.450, 40
# X (cm), Y (cm), Z (cm), #shots
-1.25, -2.34, -5.20, 1
-1.25, -3.05, -5.20, 1
-0.55, -3.05, -5.20, 1
-0.55, -2.34, -5.20, 1
-3.05, -0.55, -5.20, 2
-3.05, -1.25, -5.20, 2
-2.34, -1.25, -5.20, 2
-2.34, -0.55, -5.20, 2
-3.05, -2.34, -5.20, 4
-3.05, -3.05, -5.20, 4
-2.34, -3.05, -5.20, 4
-2.34, -2.34, -5.20, 4
-4.85, -0.55, -5.20, 8
-4.85, -1.25, -5.20, 8
-4.14, -1.25, -5.20, 8
-4.14, -0.55, -5.20, 8
-4.85, -2.34, -5.20, 12
-4.85, -3.05, -5.20, 12
-4.14, -3.05, -5.20, 12
-4.14, -2.34, -5.20, 12
-6.65, -2.34, -5.20, 1
-6.65, -3.05, -5.20, 1
-5.94, -3.05, -5.20, 1
-5.94, -2.34, -5.20, 1
-8.44, -0.55, -5.20, 2
-8.44, -1.25, -5.20, 2
-7.74, -1.25, -5.20, 2
-7.74, -0.55, -5.20, 2
-8.44, -2.34, -5.20, 4
-8.44, -3.05, -5.20, 4
-7.74, -3.05, -5.20, 4
-7.74, -2.34, -5.20, 4
-10.24, -0.55, -5.20, 8
-10.24, -1.25, -5.20, 8
-9.54, -1.25, -5.20, 8
-9.54, -0.55, -5.20, 8
-10.24, -2.34, -5.20, 12
-10.24, -3.05, -5.20, 12
-9.54, -3.05, -5.20, 12
-9.54, -2.34, -5.20, 12
