# FLASH Placa 3 duplicados
FLASH
# E (MeV), I (nA), t_rendija (ms), numSpots
3.00, 6.10, 0.450, 40
# X (cm), Y (cm), Z (cm), #shots
-1.20, -2.40, -5.40, 1
-1.20, -3.00, -5.40, 1
-0.60, -3.00, -5.40, 1
-0.60, -2.40, -5.40, 1
-3.00, -0.60, -5.40, 2
-3.00, -1.20, -5.40, 2
-2.40, -1.20, -5.40, 2
-2.40, -0.60, -5.40, 2
-3.00, -2.40, -5.40, 4
-3.00, -3.00, -5.40, 4
-2.40, -3.00, -5.40, 4
-2.40, -2.40, -5.40, 4
-4.80, -0.60, -5.40, 8
-4.80, -1.20, -5.40, 8
-4.19, -1.20, -5.40, 8
-4.19, -0.60, -5.40, 8
-4.80, -2.40, -5.40, 12
-4.80, -3.00, -5.40, 12
-4.19, -3.00, -5.40, 12
-4.19, -2.40, -5.40, 12
-6.59, -2.40, -5.40, 1
-6.59, -3.00, -5.40, 1
-5.99, -3.00, -5.40, 1
-5.99, -2.40, -5.40, 1
-8.39, -0.60, -5.40, 2
-8.39, -1.20, -5.40, 2
-7.79, -1.20, -5.40, 2
-7.79, -0.60, -5.40, 2
-8.39, -2.40, -5.40, 4
-8.39, -3.00, -5.40, 4
-7.79, -3.00, -5.40, 4
-7.79, -2.40, -5.40, 4
-10.19, -0.60, -5.40, 8
-10.19, -1.20, -5.40, 8
-9.59, -1.20, -5.40, 8
-9.59, -0.60, -5.40, 8
-10.19, -2.40, -5.40, 12
-10.19, -3.00, -5.40, 12
-9.59, -3.00, -5.40, 12
-9.59, -2.40, -5.40, 12
