# CONV Placa
CONV
# E (MeV), I (nA), codFiltro, numSpots
3.00, 0.08, PP2capas, 20
# X (cm), Y (cm), Z (cm), t(s)
-1.25, -2.35, -5.60, 1.088
-1.25, -3.05, -5.60, 1.088
-0.55, -3.05, -5.60, 1.088
-0.55, -2.35, -5.60, 1.088
-3.05, -0.55, -5.60, 2.177
-3.05, -1.25, -5.60, 2.177
-2.35, -1.25, -5.60, 2.177
-2.35, -0.55, -5.60, 2.177
-3.05, -2.35, -5.60, 4.353
-3.05, -3.05, -5.60, 4.353
-2.35, -3.05, -5.60, 4.353
-2.35, -2.35, -5.60, 4.353
-4.85, -0.55, -5.60, 8.707
-4.85, -1.25, -5.60, 8.707
-4.14, -1.25, -5.60, 8.707
-4.14, -0.55, -5.60, 8.707
-4.85, -2.35, -5.60, 13.060
-4.85, -3.05, -5.60, 13.060
-4.14, -3.05, -5.60, 13.060
-4.14, -2.35, -5.60, 13.060
