# CONV Placa
CONV
# E (MeV), I (nA), codFiltro, numSpots
3.00, 0.076, PP2capas, 20
# X (cm), Y (cm), Z (cm), t(s)
-1.23, -2.37, -5.40, 1.024
-1.23, -3.03, -5.40, 1.024
-0.57, -3.03, -5.40, 1.024
-0.57, -2.37, -5.40, 1.024
-3.03, -0.57, -5.40, 2.048
-3.03, -1.23, -5.40, 2.048
-2.37, -1.23, -5.40, 2.048
-2.37, -0.57, -5.40, 2.048
-3.03, -2.37, -5.40, 4.096
-3.03, -3.03, -5.40, 4.096
-2.37, -3.03, -5.40, 4.096
-2.37, -2.37, -5.40, 4.096
-4.83, -0.57, -5.40, 8.191
-4.83, -1.23, -5.40, 8.191
-4.16, -1.23, -5.40, 8.191
-4.16, -0.57, -5.40, 8.191
-4.83, -2.37, -5.40, 12.287
-4.83, -3.03, -5.40, 12.287
-4.16, -3.03, -5.40, 12.287
-4.16, -2.37, -5.40, 12.287
