# FLASH Placa 3 duplicados
FLASH
# E (MeV), I (nA), t_rendija (ms), numSpots
3.00, 8.00, 0.450, 20
# X (cm), Y (cm), Z (cm), #shots
-1.25, -5.94, -5.20, 1
-1.25, -6.65, -5.20, 1
-0.55, -6.65, -5.20, 1
-0.55, -5.94, -5.20, 1
-3.05, -4.14, -5.20, 2
-3.05, -4.85, -5.20, 2
-2.34, -4.85, -5.20, 2
-2.34, -4.14, -5.20, 2
-3.05, -5.94, -5.20, 4
-3.05, -6.65, -5.20, 4
-2.34, -6.65, -5.20, 4
-2.34, -5.94, -5.20, 4
-4.85, -4.14, -5.20, 8
-4.85, -4.85, -5.20, 8
-4.14, -4.85, -5.20, 8
-4.14, -4.14, -5.20, 8
-4.85, -5.94, -5.20, 12
-4.85, -6.65, -5.20, 12
-4.14, -6.65, -5.20, 12
-4.14, -5.94, -5.20, 12
