# FLASH Placa 3 duplicados
FLASH
# E (MeV), I (nA), t_rendija (ms), numSpots
3.00, 3.00, 0.450, 20
# X (cm), Y (cm), Z (cm), #shots
-1.07, -6.12, -2.00, 1
-1.07, -6.46, -2.00, 1
-0.73, -6.46, -2.00, 1
-0.73, -6.12, -2.00, 1
-2.87, -4.33, -2.00, 2
-2.87, -4.66, -2.00, 2
-2.53, -4.66, -2.00, 2
-2.53, -4.33, -2.00, 2
-2.87, -6.12, -2.00, 4
-2.87, -6.46, -2.00, 4
-2.53, -6.46, -2.00, 4
-2.53, -6.12, -2.00, 4
-4.66, -4.33, -2.00, 8
-4.66, -4.66, -2.00, 8
-4.33, -4.66, -2.00, 8
-4.33, -4.33, -2.00, 8
-4.66, -6.12, -2.00, 12
-4.66, -6.46, -2.00, 12
-4.33, -6.46, -2.00, 12
-4.33, -6.12, -2.00, 12
